.Random.seed <-
c(403L, 10L, -1464070171L, -1907614849L, 643255046L, 128132240L, 
370783539L, -1703832879L, -1588422528L, 332710238L, -2082261335L, 
2063753563L, 607808362L, 2085257740L, 66634319L, -415355131L, 
1042753468L, 1782514322L, -1827427955L, -1747414585L, -1713163602L, 
1351097096L, -1915680501L, 75274217L, 118010040L, -578357402L, 
-1648487423L, 416686739L, 499909954L, 11881204L, -497223945L, 
-1512024339L, -1128226428L, 1743663018L, -842959595L, -1040089169L, 
-205860938L, 545961440L, -1137390301L, 126329409L, 544476464L, 
343902030L, 1377291705L, -130830389L, -1038031750L, -748423812L, 
-157102657L, -406705515L, 1279252652L, -903404926L, -214013347L, 
-1354932905L, 183820350L, -1113590664L, 1550229339L, 1408690873L, 
1027041032L, -629367370L, -1918450959L, -2060876509L, -1818009742L, 
542141892L, 1292367239L, -159828131L, -1255417516L, 1753963386L, 
-1857054011L, -656503777L, -961799258L, -1369793232L, -1759109165L, 
-1810199055L, 531774240L, -721209922L, -1903211063L, 1953108347L, 
-1045670070L, 849168300L, 606457519L, 1304317029L, 1833860124L, 
-867020174L, -897145619L, 222149927L, 1038772558L, -2055681624L, 
-571060821L, 384059081L, 383786712L, -1013759098L, 272045665L, 
1462554611L, 645554786L, -1363831596L, -1833323049L, 716111821L, 
-1555137692L, 99786570L, 998409909L, -401072625L, 1466257174L, 
-1991829056L, 1535175043L, -81096799L, 1328865168L, -820231058L, 
-48467431L, 18954923L, -2131378534L, 2009815644L, -949459105L, 
667859253L, 476469452L, -1591483870L, 43875453L, -233282185L, 
2106100382L, 576686424L, 1166618811L, -10490279L, -684868120L, 
1563871254L, 1904030609L, -1156645821L, 1917023058L, 1692473316L, 
1655514663L, 458088061L, 244227956L, -1163185318L, 409413029L, 
-992902721L, 1302063686L, 1567893712L, -22641933L, 1557222417L, 
344605248L, -127707618L, -801767191L, -1143668197L, 84910634L, 
235005260L, -1903352049L, 623970885L, -1086374916L, -1839463854L, 
676749261L, -1925293689L, 263441518L, 545272904L, -1403122101L, 
612098985L, -1268569352L, 227425830L, 1892546369L, -2135180077L, 
-1421369214L, -1684054348L, -1957537225L, 1085546797L, -122703292L, 
-2140835990L, -1159619627L, -1718133393L, 528730230L, 1967760288L, 
885199971L, -1595145983L, -789836688L, 2087086094L, -1908549511L, 
673994763L, -1955432134L, 75655228L, 775602047L, -619236139L, 
1494567148L, 1120109122L, -248822371L, -2078482409L, -378808962L, 
-230167752L, 417403931L, -1449177735L, -983229496L, -480278538L, 
-1909093839L, 1610685539L, 282797106L, -1820532348L, 144082887L, 
1474071197L, 521419284L, 1474623674L, -678050555L, 1190514399L, 
-10284186L, 313897712L, 93557267L, -1479050319L, 991323744L, 
1801659390L, -1458095223L, -97153861L, 121022602L, 702020460L, 
-1584963345L, 280374053L, 104977884L, -728099918L, 404273837L, 
846508647L, 721244558L, 1779701352L, -2049572245L, 1633491977L, 
-751967592L, -1554917946L, 257963297L, -2050476621L, -354221790L, 
241416980L, -494926953L, 1139370893L, 436352676L, -617940854L, 
211271413L, 422158671L, -1397649834L, 1672908692L, -1230748862L, 
-1986446848L, 830071356L, -2132617648L, -506711390L, 539523912L, 
654899724L, 609955036L, 1842328146L, -190797696L, 824179540L, 
-419180056L, -102651142L, -1075521712L, 1191674924L, 1371706740L, 
-224313710L, 524696160L, 940495500L, 24554336L, 396702434L, -910837592L, 
-1305349940L, 203973116L, 614416306L, -1628654096L, 986590660L, 
996890456L, -768312454L, 219692464L, 1242120636L, 633962580L, 
-1000459326L, 1462551328L, 58505148L, 692515408L, 1083895266L, 
-2040811160L, 1309732172L, -1232830212L, -2024357134L, 215289600L, 
-62079372L, 354156552L, -500493894L, -1681674288L, -437417492L, 
1364920212L, -1485311278L, -1916723616L, -1626733236L, -974396128L, 
316983938L, -1017243160L, -713654292L, 1864476220L, -1859271054L, 
1217260400L, 1272891684L, -1871306184L, -794748518L, 677902800L, 
505210300L, 582940820L, -191638398L, 531121600L, -1888580804L, 
533654672L, -474277086L, -1856244216L, -2048015092L, 1975924124L, 
973934098L, 1009884032L, 764130068L, -106286808L, 50644026L, 
-118633520L, -1758037396L, 2127934004L, 317029010L, -1366047392L, 
-226150068L, 679970784L, 1441887650L, -1326893656L, -411937140L, 
-2107179588L, 1812156018L, -278031376L, -1374671292L, 1645129816L, 
1252472890L, 347431024L, 1633155132L, -996089580L, -1129946430L, 
-1950308640L, -1144645508L, -1029130544L, -851641950L, -4077528L, 
-1508209908L, 642435516L, 1988088626L, 1267456704L, 296954932L, 
1015205576L, 609342650L, -1448667504L, -15524116L, -45405612L, 
-1422421358L, -161146592L, 99959244L, -1543003424L, -1963904830L, 
852765736L, 835934124L, -1799169348L, -212325390L, -983271888L, 
986562468L, -1389859400L, 1543055194L, -1388359536L, -1953014916L, 
-408895212L, -345032382L, -1333223168L, 213708220L, 1385603408L, 
1301723426L, -1487570360L, -1325379572L, 1485993564L, -2012362286L, 
-1900382720L, 1253979476L, 1288129768L, 835903738L, 505030352L, 
-1375655124L, -898797324L, -362669678L, -494002848L, 101207052L, 
1961983200L, 1053868642L, 15189160L, 894090316L, -1683974276L, 
-1732380366L, 1715237488L, -2062535868L, 1027265496L, 1284629370L, 
1188366384L, -336744516L, 751460948L, -1429385150L, -1199591776L, 
1539228348L, -1595372592L, -1628570270L, 875536104L, 315227340L, 
920424956L, 1800183282L, 1996481664L, 735799796L, -2045273464L, 
-2084254918L, -441455280L, 1389833324L, 867575188L, -948617134L, 
144621024L, -1379593012L, -1556873568L, -263540350L, 1464006888L, 
-747226388L, 975013180L, 751358066L, -1059728784L, -2126058972L, 
-953395144L, 1014278426L, -454703920L, 793938236L, 1375716244L, 
1567209346L, 565726144L, 2102224444L, -1119362672L, -255338462L, 
-701848312L, 1090214028L, 1389244188L, -1850256238L, -892062336L, 
946335764L, 1586075432L, 1527612986L, -981839408L, -1659266708L, 
-1773046860L, 1578150418L, -1976604704L, 1502759372L, 1774672096L, 
1638296610L, 873681704L, -1282369012L, -1647533252L, -1964679182L, 
334484208L, 838548036L, 1451765336L, 1835104058L, -1977495568L, 
-1998880068L, -1604938476L, 867720386L, 1273760864L, 1393537000L, 
1691204817L, -727263037L, -1524748348L, -1473549198L, 450577735L, 
1474525457L, -1056428906L, 694927860L, -1918372987L, -79275313L, 
-1063630904L, -908693914L, 2073788563L, -1733066763L, -2090313262L, 
683409952L, 617348105L, 1554071867L, -1107688308L, 1866567962L, 
-2080274545L, -1006069543L, 1353774958L, 1866379004L, -1387180947L, 
-1795352553L, -1071291936L, 1963888062L, 1169109899L, 626959373L, 
-485145542L, 1726858360L, 1123700769L, 1618442963L, -324257292L, 
1302962818L, -1845346537L, -6359583L, -589067482L, -1883036124L, 
921690325L, 561299583L, 1960809752L, 153832502L, 1212584643L, 
-1533804795L, 614838946L, 789356688L, 2026942521L, -240713493L, 
1843147228L, -1210279926L, -1894242561L, -27592887L, 1204587742L, 
1073828492L, 379950685L, 287128679L, -131526256L, -1622560338L, 
173302875L, 1252111421L, -1078314326L, 228116296L, 1595943793L, 
1838705891L, 497845220L, 1803277074L, 1382866663L, -1717147471L, 
772082422L, 1453722900L, -1938714075L, 1862917935L, -256253720L, 
-1166147130L, -1839648653L, -38282539L, 1665083570L, 2049457280L, 
-1508663191L, -992961317L, 917884972L, 1961463866L, -1077874961L, 
-1485184647L, 1893789198L, -1908142116L, -979302323L, -1321464905L, 
1933645120L, 832836638L, -1645440277L, 2057861741L, -102683942L, 
-166989160L, 1931874561L, -1958111565L, 2003583444L, -2140196638L, 
905791863L, -54404927L, 1203790918L, 682388356L, -397157067L, 
528321311L, -1778549128L, 291152726L, -601380381L, -114819163L, 
173858370L, -1156094928L, 1685518425L, -2060569141L, -1919412676L, 
-1501517718L, 1070592671L, 1866006313L, -125377602L, -1941302612L, 
898736125L, -84179129L, -1609865168L, -2080677554L, -2123478661L, 
-1989562659L, 1350526730L, -1505853912L, 1769383569L, -1950716285L, 
-1643606140L, 491029938L, -392754425L, -334634671L, 1491441878L, 
768906676L, 1983525317L, -476217073L, -198369400L, 1958170278L, 
-1933074861L, 1674248117L, 1134865682L, -80570656L, 2112154441L, 
